0	0	0.0	0.012798
1	.1	0.0	0.013275
2	.2	0.0	0.01271
3	.3	0.0	0.013395
4	.4	0.0	0.012514
5	.5	0.0	0.01333
6	.6	0.0	0.011949
7	.7	0.0	0.0139
8	.8	0.0	0.013679
9	.9	0.0	0.012882
10	1	0.0	0.01191
11	1.1	0.0	0.01351
12	1.2	0.0	0.013713
13	1.3	0.0	0.013812
14	1.4	0.0	0.013481
15	1.5	0.0	0.013189
16	1.6	0.0	0.013278
17	1.7	0.0	0.013924
18	1.8	0.0	0.01314
19	1.9	0.0	0.012561
20	2	0.0	0.014242
21	2.1	0.0	0.012327
22	2.2	0.0	0.014025
23	2.3	0.0	0.01377
24	2.4	0.002007	0.012801
25	2.5	0.154991	0.012824
26	2.6	0.329997	0.014338
27	2.7	0.499999	0.013989
28	2.8	0.670001	0.013312
29	2.9	0.840003	0.014328
30	3	1.010006	0.014226
31	3.1	1.180008	0.014197
32	3.2	1.35001	0.01402
33	3.3	1.515008	0.013939
34	3.4	1.685011	0.014945
35	3.5	1.854987	0.014247
36	3.6	2.020011	0.014377
37	3.7	2.189988	0.015979
38	3.8	2.355012	0.015653
39	3.9	2.52001	0.015437
40	4	2.690012	0.014705
41	4.1	2.859989	0.01513
42	4.2	3.024988	0.015375
43	4.3	3.19499	0.014278
44	4.4	3.359988	0.014346
45	4.5	3.52999	0.01544
46	4.6	3.694989	0.015758
47	4.7	3.860013	0.01756
48	4.8	4.029989	0.015799
49	4.9	4.194988	0.017362
50	5	4.360012	0.017685
51	5.1	4.529988	0.017058
52	5.2	4.695012	0.017909
53	5.3	4.860011	0.018126
54	5.4	5.025009	0.019538
55	5.5	5.195011	0.019063
56	5.6	5.36001	0.019022
57	5.7	5.525008	0.019496
58	5.8	5.690006	0.018529
59	5.9	5.860009	0.019769
60	6	6.025007	0.019657
61	6.1	6.195009	0.022239
62	6.2	6.360007	0.021835
63	6.3	6.525006	0.022828
64	6.4	6.690005	0.022684
65	6.5	6.860006	0.024344
66	6.6	7.025005	0.025305
67	6.7	7.190004	0.024719
68	6.8	7.360005	0.0248
69	6.9	7.525004	0.027248
70	7	7.690003	0.025857
71	7.1	7.860004	0.028611
72	7.2	8.025003	0.028379
73	7.3	8.195005	0.02909
74	7.4	8.360003	0.03138
75	7.5	8.525002	0.032698
76	7.6	8.690001	0.033487
77	7.7	8.860002	0.034076
78	7.8	9.030005	0.035749
79	7.9	9.195003	0.036856
80	8	9.360001	0.038077
81	8.1	9.525	0.03753
82	8.2	9.689999	0.040026
83	8.3	9.854997	0.041438
84	8.4	10.024999	0.043543
85	8.5	10.189998	0.042464
86	8.6	10.354996	0.043577
87	8.7	10.519994	0.045692
88	8.8	10.689997	0.047534
89	8.9	10.854995	0.04733
90	9	11.019993	0.049295
91	9.1	11.189996	0.048917
92	9.2	11.354994	0.050248
93	9.3	11.524996	0.052371
94	9.4	11.689995	0.054567
95	9.5	11.859996	0.055573
96	9.6	12.024995	0.057185
97	9.7	12.189994	0.058699
98	9.8	12.354992	0.059725
99	9.9	12.524994	0.060749
100	10	12.689993	0.062591
101	10.1	12.854991	0.063755
102	10.2	13.024992	0.065506
103	10.3	13.189991	0.06698
104	10.4	13.35499	0.068309
105	10.5	13.524992	0.070458
106	10.6	13.689991	0.070932
107	10.7	13.854989	0.073659
108	10.8	14.02499	0.075311
109	10.9	14.189989	0.076991
110	11	14.354988	0.078945
111	11.1	14.52499	0.07976
112	11.2	14.689989	0.082678
113	11.3	14.855012	0.084363
114	11.4	15.024988	0.085832
115	11.5	15.190013	0.087797
116	11.6	15.359989	0.090071
117	11.7	15.524988	0.090962
118	11.8	15.690013	0.093832
119	11.9	15.859989	0.09625
120	12	16.025012	0.09761
121	12.1	16.194989	0.100423
122	12.2	16.359987	0.101817
123	12.3	16.525012	0.103747
124	12.4	16.694988	0.106816
125	12.5	16.860011	0.107334
126	12.6	17.02501	0.110122
127	12.7	17.190009	0.112341
128	12.8	17.360011	0.11381
129	12.9	17.52501	0.116814
130	13	17.690009	0.118598
131	13.1	17.855006	0.122433
132	13.2	18.025008	0.123847
133	13.3	18.19501	0.125317
134	13.4	18.360009	0.129602
135	13.5	18.525008	0.131089
136	13.6	18.690007	0.134728
137	13.7	18.860007	0.135776
138	13.8	19.025006	0.138331
139	13.9	19.195008	0.140329
140	14	19.360007	0.143906
141	14.1	19.525006	0.146407
142	14.2	19.695008	0.149025
143	14.3	19.860005	0.151898
144	14.4	20.025004	0.153047
145	14.5	20.195006	0.157613
146	14.6	20.360005	0.159963
147	14.7	20.525004	0.161404
148	14.8	20.690003	0.163441
149	14.9	20.860003	0.167536
150	15	21.025002	0.169735
151	15.1	21.195004	0.173567
152	15.2	21.360003	0.175705
153	15.3	21.525002	0.178657
154	15.4	21.689999	0.181158
155	15.5	21.860001	0.184646
156	15.6	22.025	0.187545
157	15.7	22.189999	0.189262
158	15.8	22.360001	0.192171
159	15.9	22.525	0.193065
160	16	22.689997	0.195993
161	16.1	22.859999	0.200263
162	16.2	23.024998	0.203282
163	16.3	23.189997	0.204853
164	16.4	23.359999	0.207627
165	16.5	23.524998	0.209854
166	16.6	23.689995	0.212464
167	16.7	23.859997	0.216898
168	16.8	24.024996	0.219386
169	16.9	24.189995	0.222022
170	17	24.359997	0.22309
171	17.1	24.524996	0.224703
172	17.2	24.689993	0.228897
173	17.3	24.854992	0.232395
174	17.4	25.024994	0.233883
175	17.5	25.189993	0.235719
176	17.6	25.354992	0.237064
177	17.7	25.51999	0.241206
178	17.8	25.689993	0.243915
179	17.9	25.85499	0.245717
180	18	26.024992	0.249135
181	18.1	26.189989	0.251696
182	18.2	26.35499	0.255007
183	18.3	26.519987	0.257531
184	18.4	26.689989	0.259936
185	18.5	26.855014	0.263929
186	18.6	27.019987	0.266156
187	18.7	27.189989	0.270371
188	18.8	27.355013	0.271929
189	18.9	27.52001	0.27467
190	19	27.685011	0.277225
191	19.1	27.855013	0.281135
192	19.2	28.024988	0.284058
193	19.3	28.190013	0.286243
194	19.4	28.359988	0.287249
195	19.5	28.524988	0.28975
196	19.6	28.690012	0.292766
197	19.7	28.85501	0.296559
198	19.8	29.025012	0.298193
199	19.9	29.190009	0.301933
200	20	29.355009	0.303364
201	20.1	29.520007	0.306448
202	20.2	29.685007	0.307227
203	20.3	29.855009	0.311885
204	20.4	30.020006	0.314946
205	20.5	30.190009	0.317999
206	20.6	30.355006	0.320632
207	20.7	30.520006	0.322886
208	20.8	30.690008	0.324464
209	20.9	30.855006	0.328812
210	21	31.025008	0.330867
211	21.1	31.190005	0.332318
212	21.2	31.355005	0.335189
213	21.3	31.520003	0.338245
214	21.4	31.690005	0.343288
215	21.5	31.855005	0.344999
216	21.6	32.020002	0.347795
217	21.7	32.190005	0.349795
218	21.8	32.355002	0.353518
219	21.9	32.520002	0.357303
220	22	32.690004	0.359767
221	22.1	32.855002	0.362156
222	22.2	33.025004	0.366118
223	22.3	33.190001	0.366491
224	22.4	33.355001	0.370685
225	22.5	33.519999	0.372404
226	22.6	33.690001	0.375679
227	22.7	33.854998	0.378638
228	22.8	34.019998	0.381655
229	22.9	34.190001	0.384127
230	23	34.354998	0.387089
231	23.1	34.519998	0.390387
232	23.2	34.684995	0.393724
233	23.3	34.854998	0.397014
234	23.4	35.019995	0.398519
235	23.5	35.189997	0.400286
236	23.6	35.354997	0.404105
237	23.7	35.514992	0.407455
238	23.8	35.684995	0.408452
239	23.9	35.849992	0.412339
240	24	36.019994	0.415371
241	24.1	36.184992	0.418716
242	24.2	36.354994	0.420816
243	24.3	36.519994	0.424739
244	24.4	36.684991	0.427969
245	24.5	36.854994	0.4304
246	24.6	37.019991	0.433984
247	24.7	37.184991	0.435865
248	24.8	37.354993	0.439124
249	24.9	37.519991	0.440833
250	25	37.684991	0.444493
251	25.1	37.849988	0.449653
252	25.2	38.01999	0.450588
253	25.3	38.184988	0.454188
254	25.4	38.350012	0.459115
255	25.5	38.51999	0.461368
256	25.6	38.684987	0.463402
257	25.7	38.85499	0.465849
258	25.8	39.019987	0.469225
259	25.9	39.189989	0.472658
260	26	39.355014	0.475477
261	26.1	39.519987	0.477871
262	26.2	39.685011	0.480379
263	26.3	39.855013	0.483279
264	26.4	40.020011	0.486579
265	26.5	40.189989	0.490497
266	26.6	40.355013	0.493021
267	26.7	40.52001	0.49782
268	26.8	40.690013	0.498992
269	26.9	40.85501	0.502436
270	27	41.02001	0.505455
271	27.1	41.190012	0.508529
272	27.2	41.35501	0.512439
273	27.3	41.52001	0.514906
274	27.4	41.685007	0.516899
275	27.5	41.855009	0.520452
276	27.6	42.020007	0.522609
277	27.7	42.190009	0.525326
278	27.8	42.355009	0.529637
279	27.9	42.520006	0.533177
280	28	42.690009	0.534308
281	28.1	42.855006	0.5382
282	28.2	43.025008	0.540956
283	28.3	43.190008	0.543233
284	28.4	43.355006	0.54615
285	28.5	43.525008	0.547601
286	28.6	43.690005	0.551009
287	28.7	43.855005	0.554505
288	28.8	44.025008	0.558014
289	28.9	44.190005	0.559694
290	29	44.355005	0.563802
291	29.1	44.520002	0.567074
292	29.2	44.690005	0.570213
293	29.3	44.855002	0.572425
294	29.4	45.025004	0.576199
295	29.5	45.190004	0.580818
296	29.6	45.355002	0.582605
297	29.7	45.520002	0.585632
298	29.8	45.684999	0.590459
299	29.9	45.855001	0.594385
300	30	46.019999	0.597326
301	30.1	46.184999	0.600095
302	30.2	46.355001	0.605104
303	30.3	46.519998	0.607217
304	30.4	46.690001	0.610841
305	30.5	46.854998	0.614868
306	30.6	47.019998	0.618768
307	30.7	47.190001	0.623235
308	30.8	47.354998	0.625127
309	30.9	47.519995	0.628015
310	31	47.684995	0.633551
311	31.1	47.854997	0.638266
312	31.2	48.019995	0.642395
313	31.3	48.189997	0.646032
314	31.4	48.354997	0.648879
315	31.5	48.519994	0.652583
316	31.6	48.684992	0.657348
317	31.7	48.854994	0.66082
318	31.8	49.019994	0.664715
319	31.9	49.189997	0.668041
320	32	49.354994	0.670863
321	32.1	49.519991	0.674004
322	32.2	49.684991	0.67707
323	32.3	49.849988	0.681733
324	32.4	50.019991	0.684232
325	32.5	50.184991	0.689202
326	32.6	50.354993	0.692187
327	32.7	50.51999	0.693883
328	32.8	50.684988	0.697152
329	32.9	50.854993	0.702071
330	33	51.020014	0.703806
331	33.1	51.18999	0.706348
332	33.2	51.354993	0.709834
333	33.3	51.520014	0.713809
334	33.4	51.684987	0.716026
335	33.5	51.854986	0.719996
336	33.6	52.020014	0.722593
337	33.7	52.189989	0.726532
338	33.8	52.354986	0.729371
339	33.9	52.520014	0.732789
340	34	52.685011	0.736457
341	34.1	52.854986	0.739611
342	34.2	53.020013	0.743477
343	34.3	53.190013	0.74652
344	34.4	53.354986	0.749419
345	34.5	53.520007	0.752827
346	34.6	53.68501	0.756935
347	34.7	53.854986	0.759238
348	34.8	54.020007	0.76245
349	34.9	54.18501	0.766042
350	35	54.35501	0.771025
351	35.1	54.520007	0.773633
352	35.2	54.685004	0.777048
353	35.3	54.855009	0.782331
354	35.4	55.020006	0.787859
355	35.5	55.190012	0.791058
356	35.6	55.355009	0.793621
357	35.7	55.520006	0.797091
358	35.8	55.685003	0.799811
359	35.9	55.855009	0.804781
360	36	56.020006	0.809538
361	36.1	56.185003	0.811825
362	36.2	56.355002	0.815842
363	36.3	56.520006	0.819603
364	36.4	56.685003	0.823224
365	36.5	56.855002	0.827512
366	36.6	57.020006	0.832399
367	36.7	57.185003	0.834296
368	36.8	57.35	0.837969
369	36.9	57.519999	0.842178
370	37	57.685002	0.845961
371	37.1	57.85	0.849525
372	37.2	58.019999	0.851567
373	37.3	58.184996	0.855662
374	37.4	58.355002	0.861075
375	37.5	58.519999	0.862326
376	37.6	58.684996	0.867025
377	37.7	58.855001	0.868697
378	37.8	59.019999	0.87248
379	37.9	59.190004	0.876763
380	38	59.355001	0.87931
381	38.1	59.519998	0.882238
382	38.2	59.684995	0.886547
383	38.3	59.849993	0.890397
384	38.4	60.019998	0.896993
385	38.5	60.184995	0.898936
386	38.6	60.349992	0.902844
387	38.7	60.51499	0.907444
388	38.8	60.684995	0.911018
389	38.9	60.849992	0.916989
390	39	61.019998	0.92011
391	39.1	61.184995	0.9257
392	39.2	61.349992	0.930816
393	39.3	61.479635	0.929102
394	39.4	61.474403	0.907059
395	39.5	61.468686	0.890382
396	39.6	61.463908	0.880384
397	39.7	61.459845	0.872084
398	39.8	61.456187	0.866843
399	39.9	61.452965	0.859637
400	40	61.450192	0.854698
401	40.1	61.447806	0.849947
402	40.2	61.445674	0.846815
403	40.3	61.444124	0.842637
404	40.4	61.442525	0.840391
405	40.5	61.441205	0.837302
406	40.6	61.440085	0.835041
407	40.7	61.439043	0.834613
408	40.8	61.438153	0.829904
409	40.9	61.437365	0.828658
410	41	61.436633	0.826861
411	41.1	61.436045	0.825272
412	41.2	61.435512	0.823396
413	41.3	61.435082	0.822542
414	41.4	61.434828	0.819942
415	41.5	61.434471	0.8184
416	41.6	61.434168	0.818103
417	41.7	61.433914	0.815649
418	41.8	61.433708	0.815868
419	41.9	61.433532	0.814268
420	42	61.433357	0.812955
421	42.1	61.433199	0.81183
422	42.2	61.433078	0.811606
423	42.3	61.432975	0.809871
424	42.4	61.432872	0.808741
425	42.5	61.432745	0.808157
426	42.6	61.432721	0.806224
427	42.7	61.432642	0.807714
428	42.8	61.432593	0.805901
429	42.9	61.432569	0.804963
430	43	61.432515	0.805406
431	43.1	61.432491	0.804062
432	43.2	61.432442	0.802739
433	43.3	61.432388	0.800972
434	43.4	61.432363	0.801608
435	43.5	61.432363	0.799238
436	43.6	61.432315	0.798138
437	43.7	61.432315	0.798758
438	43.8	61.432285	0.798925
439	43.9	61.432285	0.79819
440	44	61.432285	0.796481
441	44.1	61.432285	0.796372
442	44.2	61.432236	0.79545
443	44.3	61.432236	0.796096
444	44.4	61.432236	0.795184
445	44.5	61.432236	0.794085
446	44.6	61.432236	0.794819
447	44.7	61.432236	0.793262
448	44.8	61.432236	0.791256
449	44.9	61.432236	0.790146
450	45	61.432236	0.791412
451	45.1	61.432236	0.79149
452	45.2	61.432236	0.79061
453	45.3	61.432212	0.791089
454	45.4	61.432212	0.790172
455	45.5	61.432212	0.789135
456	45.6	61.432212	0.7895
457	45.7	61.432212	0.788885
458	45.8	61.432212	0.78701
459	45.9	61.432212	0.787958
460	46	61.432212	0.787536
461	46.1	61.432212	0.787307
462	46.2	61.432212	0.787135
463	46.3	61.432212	0.785452
464	46.4	61.430002	0.786619
465	46.5	61.040012	0.690129
466	46.6	59.879993	0.454702
467	46.7	57.919999	0.230207
468	46.8	55.409996	0.096932
469	46.9	53.120013	0.042865
470	47	51.480009	0.025287
471	47.1	49.765001	0.017368
472	47.2	48.059999	0.014265
473	47.3	46.355001	0.014153
474	47.4	44.660007	0.012983
475	47.5	42.964989	0.011472
476	47.6	41.275	0.012035
477	47.7	39.589989	0.011553
478	47.8	37.9	0.012014
479	47.9	36.219994	0.012017
480	48	34.540013	0.011803
481	48.1	32.865009	0.012329
482	48.2	31.190005	0.011577
483	48.3	29.515004	0.011723
484	48.4	27.840001	0.011595
485	48.5	26.164997	0.01223
486	48.6	24.489995	0.011866
487	48.7	22.854996	0.011741
488	48.8	21.284997	0.01227
489	48.9	19.774992	0.011509
490	49	18.334989	0.012397
491	49.1	16.955008	0.012337
492	49.2	15.639999	0.011746
493	49.3	14.389989	0.01216
494	49.4	13.199998	0.011142
495	49.5	12.080011	0.011743
496	49.6	11.01499	0.01074
497	49.7	10.019995	0.012197
498	49.8	9.09	0.01023
499	49.9	8.219999	0.011689
500	50	7.409993	0.011806
501	50.1	6.665011	0.012332
502	50.2	5.985002	0.011686
503	50.3	5.364988	0.012561
504	50.4	4.809998	0.010488
505	50.5	4.315003	0.011986
506	50.6	3.89001	0.011928
507	50.7	3.520008	0.011512
508	50.8	3.215005	0.011897
509	50.9	2.969997	0.011957
510	51	2.790012	0.011655
511	51.1	2.64	0.01109
512	51.2	2.485009	0.013171
513	51.3	2.329993	0.01159
514	51.4	2.175002	0.011681
515	51.5	2.015007	0.013171
516	51.6	1.859991	0.011551
517	51.7	1.699997	0.013421
518	51.8	1.540002	0.011978
519	51.9	1.375004	0.0129
520	52	1.215009	0.011642
521	52.1	1.054989	0.011506
522	52.2	0.889991	0.013108
523	52.3	0.724992	0.011478
524	52.4	0.559994	0.011384
525	52.5	0.394995	0.012335
526	52.6	0.229997	0.013035
527	52.7	0.138481	0.011686
528	52.8	0.138328	0.012079
529	52.9	0.137236	0.013168
530	53	0.135001	0.013387
531	53.1	0.13175	0.011754
532	53.2	0.127432	0.013569
533	53.3	0.122555	0.012499
534	53.4	0.117526	0.011571
535	53.5	0.112928	0.011871
536	53.6	0.106756	0.012051
537	53.7	0.100432	0.012303
538	53.8	0.094717	0.01198
539	53.9	0.087478	0.011587
540	54	0.080772	0.012496
541	54.1	0.074447	0.012288
542	54.2	0.06665	0.011957
543	54.3	0.05908	0.011691
544	54.4	0.052476	0.013403
545	54.5	0.044679	0.012142
546	54.6	0.036728	0.01283
547	54.7	0.029032	0.011347
548	54.8	0.021438	0.012267
549	54.9	0.013995	0.012168
550	55	0.00569	0.012736
551	55.1	-0.00193	0.012587
552	55.2	0.011608	0.012426
553	55.3	-0.01143	0.012629
554	55.4	-0.010516	0.011444
555	55.5	-0.009271	0.011993
556	55.6	-0.008204	0.01086
557	55.7	-0.004724	0.012577
558	55.8	-0.003835	0.012999
559	55.9	-0.003073	0.012942
560	56	-0.002388	0.011405
561	56.1	-0.001753	0.012212
562	56.2	-0.001245	0.010829
563	56.3	-0.000787	0.011173
564	56.4	-0.000406	0.012413
565	56.5	0.000127	0.012613
566	56.6	0.000406	0.010899
567	56.7	0.000635	0.0113
568	56.8	0.000889	0.013408
569	56.9	0.001092	0.012955
570	57	0.00127	0.012322
571	57.1	0.001397	0.013322
572	57.2	0.001524	0.012699
573	57.3	0.001676	0.012848
574	57.4	0.001753	0.01359
575	57.5	0.001829	0.012082
576	57.6	0.00193	0.01302
577	57.7	0.002007	0.011407
578	57.8	0.002032	0.012098
579	57.9	0.002083	0.011665
580	58	0.002108	0.012692
581	58.1	0.002159	0.011736
582	58.2	0.00221	0.011467
583	58.3	0.002235	0.01184
584	58.4	0.002235	0.01097
585	58.5	0.002286	0.013007
586	58.6	0.002311	0.012837
587	58.7	0.002311	0.011689
588	58.8	0.002311	0.01278
589	58.9	0.002362	0.011947
590	59	0.002362	0.012835
591	59.1	0.002362	0.010837
592	59.2	0.002362	0.012517
593	59.3	0.002388	0.011327
594	59.4	0.002388	0.012999
595	59.5	0.002388	0.013674
596	59.6	0.002388	0.012303
597	59.7	0.002388	0.011798
598	59.8	0.002388	0.01215
599	59.9	0.002388	0.012442
600	60	0.002388	0.011548
601	60.1	0.002388	0.012483
602	60.2	0.002388	0.012012
603	60.3	0.002388	0.012264
604	60.4	0.002388	0.013223
605	60.5	0.002388	0.011316
606	60.6	0.002438	0.011655
607	60.7	0.002438	0.012801
608	60.8	0.002438	0.011965
609	60.9	0.002438	0.011673
610	61	0.002438	0.013093
611	61.1	0.002438	0.012634
612	61.2	0.002438	0.01197
613	61.3	0.002438	0.013056
614	61.4	0.002438	0.01308
615	61.5	0.002438	0.011793
616	61.6	0.002388	0.012754
617	61.7	0.002438	0.013512
618	61.8	0.002438	0.012929
619	61.9	0.002388	0.012181
620	62	0.002388	0.013491
621	62.1	0.002388	0.011702
622	62.2	0.002388	0.01166
623	62.3	0.002388	0.011527
624	62.4	0.002388	0.012884
625	62.5	0.002388	0.011892
626	62.6	0.002388	0.012145
627	62.7	0.002388	0.012903
628	62.8	0.002388	0.012843
629	62.9	0.002388	0.011837
630	63	0.002388	0.01241
631	63.1	0.002438	0.011837
632	63.2	0.002438	0.012061
633	63.3	0.002438	0.010793
634	63.4	0.002438	0.011939
635	63.5	0.002438	0.012069
636	63.6	0.002438	0.012522
637	63.7	0.002438	0.011967
638	63.8	0.002438	0.012546
639	63.9	0.002438	0.012129
640	64	0.002438	0.012814
641	64.1	0.002438	0.01216
642	64.2	0.002438	0.012165
643	64.3	0.002438	0.012223
644	64.4	0.002438	0.012004
645	64.5	0.002438	0.012072
646	64.6	0.002438	0.012158
647	64.7	0.002438	0.011254
648	64.8	0.002438	0.011689
649	64.9	0.002438	0.012762
650	65	0.002438	0.012746
651	65.1	0.002438	0.011801
652	65.2	0.002438	0.012452
653	65.3	0.002438	0.013463
654	65.4	0.002438	0.01264
655	65.5	0.002438	0.012598
656	65.6	0.002438	0.01321
657	65.7	0.002438	0.013569
658	65.8	0.002438	0.011879
659	65.9	0.002388	0.012955
660	66	0.002388	0.012666
661	66.1	0.002388	0.013197
662	66.2	0.002388	0.012423
663	66.3	0.002388	0.012181
664	66.4	0.002388	0.011741
665	66.5	0.002388	0.012903
666	66.6	0.002388	0.012293
667	66.7	0.002388	0.011465
668	66.8	0.002388	0.012051
669	66.9	0.002388	0.012126
670	67	0.002388	0.013455
671	67.1	0.002388	0.012996
672	67.2	0.002388	0.012314
673	67.3	0.002388	0.011746
674	67.4	0.002388	0.012744
675	67.5	0.002438	0.01253
676	67.6	0.002438	0.011827
677	67.7	0.002438	0.014114
678	67.8	0.002438	0.012507
679	67.9	0.002438	0.012817
680	68	0.002438	0.013132
681	68.1	0.002438	0.010514
682	68.2	0.002438	0.012718
683	68.3	0.002438	0.013697
684	68.4	0.002438	0.013041
685	68.5	0.002438	0.012527
686	68.6	0.002438	0.012864
687	68.7	0.002438	0.012345
688	68.8	0.002438	0.011978
689	68.9	0.002438	0.013103
690	69	0.002438	0.01271
691	69.1	0.002438	0.012699
692	69.2	0.002388	0.012332
693	69.3	0.002438	0.012715
694	69.4	0.002438	0.012668
695	69.5	0.002438	0.012473
696	69.6	0.002438	0.012767
697	69.7	0.002438	0.01296
698	69.8	0.002438	0.012494
699	69.9	0.002438	0.011905
700	70	0.002438	0.012723
701	70.1	0.002438	0.012303
702	70.2	0.002438	0.012449
703	70.3	0.002438	0.011676
704	70.4	0.002438	0.012676
705	70.5	0.002438	0.011652
706	70.6	0.002438	0.012983
707	70.7	0.002438	0.014322
708	70.8	0.002438	0.013322
709	70.9	0.002438	0.011767
710	71	0.002438	0.011207
711	71.1	0.002438	0.011741
712	71.2	0.002438	0.0129
713	71.3	0.002438	0.011259
714	71.4	0.002438	0.011699
715	71.5	0.002438	0.011665
716	71.6	0.002438	0.011913
717	71.7	0.002438	0.011947
718	71.8	0.002438	0.012996
719	71.9	0.002438	0.012356
720	72	0.002438	0.012647
721	72.1	0.002438	0.013137
722	72.2	0.002438	0.012389
723	72.3	0.002438	0.011853
724	72.4	0.002438	0.011611
725	72.5	0.002438	0.012374
726	72.6	0.002438	0.011999
727	72.7	0.002438	0.012402
728	72.8	0.002438	0.012415
729	72.9	0.002438	0.012077
730	73	0.002438	0.013187
731	73.1	0.002438	0.01203
732	73.2	0.002438	0.012007
733	73.3	0.002438	0.012759
734	73.4	0.002438	0.012158
735	73.5	0.002438	0.013301
736	73.6	0.002438	0.012199
737	73.7	0.002438	0.012556
738	73.8	0.002438	0.011355
739	73.9	0.002438	0.012705
740	74	0.002438	0.011827
741	74.1	0.002438	0.012204
742	74.2	0.002438	0.012561
743	74.3	0.002438	0.013108
744	74.4	0.002438	0.01178
745	74.5	0.002438	0.013259
746	74.6	0.002438	0.012804
747	74.7	0.002438	0.012072
748	74.8	0.002438	0.012525
749	74.9	0.002438	0.011788
750	75	0.002438	0.011952
751	75.1	0.002438	0.011126
752	75.2	0.002438	0.012707
753	75.3	0.002438	0.011699
754	75.4	0.002438	0.013028
755	75.5	0.002388	0.012788
756	75.6	0.002438	0.012694
757	75.7	0.002438	0.012481
758	75.8	0.002388	0.011426
759	75.9	0.002438	0.012611
760	76	0.002388	0.012202
761	76.1	0.002438	0.012108
762	76.2	0.002388	0.012225
763	76.3	0.002438	0.011881
764	76.4	0.002438	0.0134
765	76.5	0.002388	0.012389
766	76.6	0.002388	0.01272
767	76.7	0.002388	0.012462
768	76.8	0.002388	0.011014
769	76.9	0.002388	0.011775
770	77	0.002388	0.013679
771	77.1	0.002388	0.012134
772	77.2	0.002388	0.013551
773	77.3	0.002388	0.011699
774	77.4	0.002388	0.011754
775	77.5	0.002388	0.012996
776	77.6	0.002388	0.013369
777	77.7	0.002388	0.013186
778	77.8	0.002388	0.012822
779	77.9	0.002388	0.01272
780	78	0.002388	0.011603
781	78.1	0.002388	0.012481
782	78.2	0.002388	0.012353
783	78.3	0.002388	0.011095
784	78.4	0.002388	0.012129
785	78.5	0.002388	0.011728
786	78.6	0.002388	0.011795
787	78.7	0.002388	0.012376
788	78.8	0.002388	0.012671
789	78.9	0.002388	0.012887
790	79	0.002388	0.01128
791	79.1	0.002388	0.01395
792	79.2	0.002438	0.010842
793	79.3	0.002438	0.01148
794	79.4	0.002438	0.012832
795	79.5	0.002438	0.013689
796	79.6	0.002438	0.010647
797	79.7	0.002438	0.012079
798	79.8	0.002438	0.013179
799	79.9	0.002438	0.013174
800	80	0.002438	0.012546
801	80.1	0.002438	0.011446
802	80.2	0.002438	0.01179
803	80.3	0.002438	0.011965
804	80.4	0.002438	0.01227
805	80.5	0.002438	0.011626
806	80.6	0.002438	0.011241
807	80.7	0.002438	0.011933
808	80.8	0.002438	0.012285
809	80.9	0.002438	0.013283
810	81	0.002438	0.011512
811	81.1	0.002438	0.011624
812	81.2	0.002438	0.011522
813	81.3	0.002438	0.011105
814	81.4	0.002438	0.012819
815	81.5	0.002438	0.0113
816	81.6	0.002438	0.012072
817	81.7	0.002438	0.012098
818	81.8	0.002438	0.010852
819	81.9	0.002438	0.012694
820	82	0.002438	0.013309
821	82.1	0.002438	0.012858
822	82.2	0.002438	0.012827
823	82.3	0.002438	0.01229
824	82.4	0.002438	0.012113
825	82.5	0.002438	0.011355
826	82.6	0.002438	0.01377
827	82.7	0.002438	0.011538
828	82.8	0.002438	0.012038
829	82.9	0.002438	0.013536
830	83	0.002438	0.013348
831	83.1	0.002438	0.012022
832	83.2	0.002438	0.011525
833	83.3	0.002438	0.011754
834	83.4	0.002438	0.011832
835	83.5	0.002438	0.013179
836	83.6	0.002438	0.013403
837	83.7	0.002438	0.012285
838	83.8	0.002438	0.012616
839	83.9	0.002438	0.011545
840	84	0.002438	0.012434
841	84.1	0.002438	0.01221
842	84.2	0.002438	0.013147
843	84.3	0.002438	0.011751
844	84.4	0.002438	0.011897
845	84.5	0.002438	0.013296
846	84.6	0.002438	0.012679
847	84.7	0.002438	0.011373
848	84.8	0.002438	0.013757
849	84.9	0.002438	0.01266
850	85	0.002438	0.012139
851	85.1	0.002438	0.012387
852	85.2	0.002388	0.012918
853	85.3	0.002438	0.012311
854	85.4	0.002388	0.013119
855	85.5	0.002438	0.012272
856	85.6	0.002388	0.014255
857	85.7	0.002388	0.013377
858	85.8	0.002388	0.013497
859	85.9	0.002388	0.010816
860	86	0.002388	0.012522
861	86.1	0.002388	0.011735
862	86.2	0.002388	0.012241
863	86.3	0.002388	0.012131
864	86.4	0.002388	0.012676
865	86.5	0.002388	0.011569
866	86.6	0.002388	0.012926
867	86.7	0.002388	0.01266
868	86.8	0.002388	0.012686
869	86.9	0.002388	0.012158
870	87	0.002388	0.013283
871	87.1	0.002388	0.012882
872	87.2	0.002388	0.011954
873	87.3	0.002388	0.012684
874	87.4	0.089992	0.0124
875	87.5	0.259994	0.012184
876	87.6	0.429997	0.01291
877	87.7	0.599999	0.011509
878	87.8	0.770001	0.013577
879	87.9	0.940003	0.011967
880	88	1.110005	0.012788
881	88.1	1.280008	0.011842
882	88.2	1.45001	0.012921
883	88.3	1.615008	0.01172
884	88.4	1.78501	0.012092
885	88.5	1.955013	0.013452
886	88.6	2.120011	0.012405
887	88.7	2.285009	0.013721
888	88.8	2.455012	0.012871
889	88.9	2.62001	0.011384
890	89	2.790012	0.01234
891	89.1	2.955011	0.012733
892	89.2	3.124987	0.012738
893	89.3	3.290011	0.011694
894	89.4	3.459988	0.014554
895	89.5	3.625012	0.012032
896	89.6	3.794989	0.012926
897	89.7	3.960013	0.011564
898	89.8	4.129989	0.011475
899	89.9	4.294988	0.012019
900	90	4.460012	0.012996
901	90.1	4.62501	0.01228
902	90.2	4.795012	0.012457
903	90.3	4.960011	0.01277
904	90.4	5.125009	0.012158
905	90.5	5.290007	0.013121
906	90.6	5.46001	0.012178
907	90.7	5.625008	0.011728
908	90.8	5.790006	0.012267
909	90.9	5.960009	0.012496
910	91	6.125007	0.011256
911	91.1	6.290005	0.013353
912	91.2	6.455004	0.011272
913	91.3	6.625006	0.012751
914	91.4	6.790004	0.012345
915	91.5	6.960006	0.01333
916	91.6	7.125005	0.012712
917	91.7	7.290003	0.014658
918	91.8	7.455002	0.011699
919	91.9	7.625004	0.013976
920	92	7.790002	0.012835
921	92.1	7.955001	0.013184
922	92.2	8.125003	0.012845
923	92.3	8.290001	0.01322
924	92.4	8.460003	0.01359
925	92.5	8.625002	0.01184
926	92.6	8.79	0.01203
927	92.7	8.960002	0.012918
928	92.8	9.125001	0.012746
929	92.9	9.289999	0.01302
930	93	9.454998	0.013853
931	93.1	9.625	0.012199
932	93.2	9.789998	0.012981
933	93.3	9.954997	0.012809
934	93.4	10.119995	0.013103
935	93.5	10.289997	0.013022
936	93.6	10.454996	0.011876
937	93.7	10.619994	0.011834
938	93.8	10.784992	0.012468
939	93.9	10.954995	0.012475
940	94	11.119993	0.012051
941	94.1	11.284991	0.01358
942	94.2	11.454994	0.012027
943	94.3	11.619992	0.012663
944	94.4	11.789994	0.011287
945	94.5	11.954993	0.013536
946	94.6	12.119991	0.012892
947	94.7	12.289993	0.012843
948	94.8	12.454992	0.014497
949	94.9	12.61999	0.01204
950	95	12.784989	0.012454
951	95.1	12.95499	0.01382
952	95.2	13.119989	0.012155
953	95.3	13.289991	0.013958
954	95.4	13.45499	0.012827
955	95.5	13.619988	0.012184
956	95.6	13.785011	0.012569
957	95.7	13.954988	0.012244
958	95.8	14.120012	0.011751
959	95.9	14.285011	0.012215
960	96	14.454988	0.013551
961	96.1	14.620012	0.013004
962	96.2	14.789989	0.013939
963	96.3	14.955012	0.01303
964	96.4	15.12001	0.013134
965	96.5	15.290013	0.011637
966	96.6	15.455011	0.013494
967	96.7	15.62001	0.013244
968	96.8	15.790011	0.01234
969	96.9	15.95501	0.012556
970	97	16.125012	0.012666
971	97.1	16.290011	0.012642
972	97.2	16.455009	0.01191
973	97.3	16.620008	0.013663
974	97.4	16.790009	0.01216
975	97.5	16.955008	0.013809
976	97.6	17.12501	0.01223
977	97.7	17.290009	0.012705
978	97.8	17.455007	0.012923
979	97.9	17.620006	0.012066
980	98	17.785003	0.012712
981	98.1	17.955006	0.011848
982	98.2	18.120004	0.012176
983	98.3	18.290007	0.012303
984	98.4	18.455005	0.012593
985	98.5	18.620004	0.01358
986	98.6	18.790005	0.012835
987	98.7	18.960007	0.012361
988	98.8	19.125006	0.013713
989	98.9	19.290005	0.014333
990	99	19.455003	0.014018
991	99.1	19.625006	0.012452
992	99.2	19.790003	0.01285
993	99.3	19.955002	0.012832
994	99.4	20.125004	0.013038
995	99.5	20.290003	0.011986
996	99.6	20.455001	0.012613
997	99.7	20.619999	0.013233
998	99.8	20.790001	0.013384
999	99.9	20.955	0.012736
1000	100	21.125002	0.01235
1001	100.1	21.290001	0.013345
1002	100.2	21.454999	0.012551
1003	100.3	21.625002	0.013056
1004	100.4	21.789999	0.012337
1005	100.5	21.954998	0.013569
1006	100.6	22.119996	0.013231
1007	100.7	22.289999	0.014372
1008	100.8	22.454997	0.014286
1009	100.9	22.619995	0.011824
1010	101	22.789997	0.012864
1011	101.1	22.954996	0.012564
1012	101.2	23.124998	0.013783
1013	101.3	23.289997	0.012856
1014	101.4	23.454995	0.012918
1015	101.5	23.619993	0.013671
1016	101.6	23.789995	0.01415
1017	101.7	23.954994	0.013056
1018	101.8	24.124996	0.012395
1019	101.9	24.289995	0.01229
1020	102	24.454993	0.013541
1021	102.1	24.619991	0.013736
1022	102.2	24.789993	0.013877
1023	102.3	24.954992	0.014127
1024	102.4	25.11999	0.012751
1025	102.5	25.289993	0.013207
1026	102.6	25.45499	0.012957
1027	102.7	25.61999	0.011053
1028	102.8	25.784987	0.01227
1029	102.9	25.95499	0.013124
1030	103	26.119987	0.012595
1031	103.1	26.284987	0.012637
1032	103.2	26.45499	0.012158
1033	103.3	26.619987	0.013213
1034	103.4	26.785011	0.012452
1035	103.5	26.955013	0.013559
1036	103.6	27.119986	0.014612
1037	103.7	27.285011	0.012809
1038	103.8	27.455013	0.012848
1039	103.9	27.62001	0.012538
1040	104	27.785011	0.012723
1041	104.1	27.95501	0.011819
1042	104.2	28.12001	0.013968
1043	104.3	28.290013	0.012949
1044	104.4	28.45501	0.012525
1045	104.5	28.62001	0.012257
1046	104.6	28.790012	0.013168
1047	104.7	28.95501	0.012559
1048	104.8	29.120007	0.013072
1049	104.9	29.285007	0.012955
1050	105	29.455009	0.013366
1051	105.1	29.620006	0.013358
1052	105.2	29.785007	0.01179
1053	105.3	29.950004	0.013121
1054	105.4	30.120006	0.012905
1055	105.5	30.285003	0.01314
1056	105.6	30.455006	0.014057
1057	105.7	30.620006	0.01303
1058	105.8	30.785003	0.011509
1059	105.9	30.955006	0.012431
1060	106	31.120003	0.012507
1061	106.1	31.285003	0.013833
1062	106.2	31.455005	0.012384
1063	106.3	31.620002	0.013814
1064	106.4	31.785003	0.013916
1065	106.5	31.955002	0.011428
1066	106.6	32.120002	0.011855
1067	106.7	32.284999	0.013991
1068	106.8	32.455002	0.01409
1069	106.9	32.620002	0.013629
1070	107	32.784999	0.013202
1071	107.1	32.955002	0.01209
1072	107.2	33.119999	0.01346
1073	107.3	33.284999	0.013293
1074	107.4	33.455001	0.014604
1075	107.5	33.619999	0.01278
1076	107.6	33.784996	0.013332
1077	107.7	33.954998	0.013734
1078	107.8	34.119998	0.015151
1079	107.9	34.284995	0.013338
1080	108	34.454998	0.01353
1081	108.1	34.619998	0.014609
1082	108.2	34.784995	0.014406
1083	108.3	34.954998	0.014249
1084	108.4	35.119995	0.012728
1085	108.5	35.284995	0.013371
1086	108.6	35.449992	0.012077
1087	108.7	35.614992	0.013319
1088	108.8	35.77999	0.0142
1089	108.9	35.949992	0.013236
1090	109	36.114989	0.0142
1091	109.1	36.284991	0.013371
1092	109.2	36.449992	0.013077
1093	109.3	36.619994	0.013833
1094	109.4	36.784991	0.014648
1095	109.5	36.949988	0.014072
1096	109.6	37.119991	0.013942
1097	109.7	37.284991	0.012926
1098	109.8	37.449988	0.012744
1099	109.9	37.615013	0.015
1100	110	37.78001	0.014346
1101	110.1	37.949988	0.013137
1102	110.2	38.115012	0.01272
1103	110.3	38.284987	0.01395
1104	110.4	38.450012	0.013919
1105	110.5	38.615009	0.012887
1106	110.6	38.784987	0.014906
1107	110.7	38.950012	0.014578
1108	110.8	39.119987	0.014174
1109	110.9	39.285011	0.013541
1110	111	39.450011	0.014171
1111	111.1	39.615009	0.013275
1112	111.2	39.785011	0.01463
1113	111.3	39.950008	0.014961
1114	111.4	40.120011	0.014408
1115	111.5	40.285011	0.014406
1116	111.6	40.450008	0.014098
1117	111.7	40.62001	0.015911
1118	111.8	40.785008	0.015523
1119	111.9	40.95501	0.015497
1120	112	41.12001	0.016409
1121	112.1	41.285007	0.015429
1122	112.2	41.450007	0.016362
1123	112.3	41.620007	0.015552
1124	112.4	41.785007	0.016167
1125	112.5	41.950004	0.017162
1126	112.6	42.120007	0.018451
1127	112.7	42.285007	0.017771
1128	112.8	42.450004	0.017407
1129	112.9	42.620006	0.017532
1130	113	42.785004	0.018863
1131	113.1	42.955006	0.018391
1132	113.2	43.120006	0.01879
1133	113.3	43.290008	0.02066
1134	113.4	43.455006	0.021348
1135	113.5	43.620003	0.021921
1136	113.6	43.785003	0.022429
1137	113.7	43.955005	0.022859
1138	113.8	44.120003	0.024029
1139	113.9	44.285003	0.024794
1140	114	44.455005	0.027048
1141	114.1	44.620002	0.027738
1142	114.2	44.785	0.028355
1143	114.3	44.955002	0.030518
1144	114.4	45.120002	0.032972
1145	114.5	45.284999	0.034626
1146	114.6	45.449996	0.03765
1147	114.7	45.619999	0.039145
1148	114.8	45.784999	0.043795
1149	114.9	45.949996	0.044272
1150	115	46.119999	0.046664
1151	115.1	46.284999	0.050597
1152	115.2	46.449996	0.053658
1153	115.3	46.619998	0.056927
1154	115.4	46.784996	0.060025
1155	115.5	46.949996	0.064938
1156	115.6	47.119998	0.067696
1157	115.7	47.284995	0.071864
1158	115.8	47.449993	0.077046
1159	115.9	47.614993	0.079968
1160	116	47.784995	0.086171
1161	116.1	47.949992	0.091321
1162	116.2	48.119995	0.096547
1163	116.3	48.284995	0.101377
1164	116.4	48.449992	0.106982
1165	116.5	48.619994	0.112002
1166	116.6	48.784992	0.119046
1167	116.7	48.949992	0.124043
1168	116.8	49.119994	0.130433
1169	116.9	49.284991	0.136357
1170	117	49.449989	0.14302
1171	117.1	49.614989	0.148389
1172	117.2	49.780013	0.155462
1173	117.3	49.949988	0.162698
1174	117.4	50.119991	0.169682
1175	117.5	50.284991	0.176917
1176	117.6	50.449988	0.184672
1177	117.7	50.615013	0.191734
1178	117.8	50.784988	0.198377
1179	117.9	50.950015	0.206718
1180	118	51.120014	0.215755
1181	118.1	51.284987	0.222119
1182	118.2	51.450009	0.230082
1183	118.3	51.620014	0.236907
1184	118.4	51.784987	0.246817
1185	118.5	51.950009	0.254277
1186	118.6	52.120014	0.263338
1187	118.7	52.285011	0.270244
1188	118.8	52.450008	0.278965
1189	118.9	52.620014	0.288494
1190	119	52.785011	0.297432
1191	119.1	52.954986	0.304671
1192	119.2	53.120013	0.316063
1193	119.3	53.285011	0.325048
1194	119.4	53.450008	0.333402
1195	119.5	53.620007	0.340451
1196	119.6	53.78501	0.352442
1197	119.7	53.950008	0.360132
1198	119.8	54.120007	0.369888
1199	119.9	54.285004	0.379828
1200	120	54.450007	0.389587
1201	120.1	54.615005	0.398189
1202	120.2	54.785004	0.409533
1203	120.3	54.950007	0.419685
1204	120.4	55.120006	0.429834
1205	120.5	55.285004	0.440161
1206	120.6	55.450001	0.450416
1207	120.7	55.615004	0.461076
1208	120.8	55.785003	0.47079
1209	120.9	55.950001	0.482052
1210	121	56.120006	0.493597
1211	121.1	56.285003	0.503306
1212	121.2	56.45	0.51458
1213	121.3	56.614998	0.525542
1214	121.4	56.780001	0.537226
1215	121.5	56.95	0.548164
1216	121.6	57.114997	0.558991
1217	121.7	57.279994	0.570064
1218	121.8	57.45	0.582058
1219	121.9	57.614997	0.591832
1220	122	57.779994	0.603536
1221	122.1	57.95	0.615915
1222	122.2	58.114997	0.625981
1223	122.3	58.284996	0.637378
1224	122.4	58.449999	0.647876
1225	122.5	58.619999	0.659492
1226	122.6	58.784996	0.67147
1227	122.7	58.949999	0.683328
1228	122.8	59.119998	0.695016
1229	122.9	59.284996	0.706408
1230	123	59.449993	0.717776
1231	123.1	59.614996	0.729798
1232	123.2	59.779993	0.740958
1233	123.3	59.949993	0.753288
1234	123.4	60.11499	0.762379
1235	123.5	60.279993	0.773497
1236	123.6	60.445014	0.78764
1237	123.7	60.61499	0.799227
1238	123.8	60.779993	0.809277
1239	123.9	60.949992	0.819656
1240	124	61.114989	0.831732
1241	124.1	61.279987	0.841663
1242	124.2	61.449992	0.852098
1243	124.3	61.614989	0.861956
1244	124.4	61.779986	0.87123
1245	124.5	61.949992	0.882171
1246	124.6	62.114989	0.891028
1247	124.7	62.279986	0.900541
1248	124.8	62.449991	0.909669
1249	124.9	62.615013	0.916963
1250	125	62.779986	0.927529
1251	125.1	62.949991	0.937105
1252	125.2	63.115013	0.942383
1253	125.3	63.279986	0.952063
1254	125.4	63.449985	0.959003
1255	125.5	63.615012	0.965432
1256	125.6	63.78001	0.971892
1257	125.7	63.950009	0.978332
1258	125.8	64.115012	0.983901
1259	125.9	64.284987	0.988257
1260	126	64.450009	0.994165
1261	126.1	64.615012	0.999115
1262	126.2	64.631671	0.976534
1263	126.3	64.622073	0.95845
1264	126.4	64.616786	0.944144
1265	126.5	64.612596	0.934755
1266	126.6	64.608962	0.928305
1267	126.7	64.60571	0.920355
1268	126.8	64.60307	0.915551
1269	126.9	64.599999	0.910508
1270	127	64.597813	0.906606
1271	127.1	64.596318	0.901974
1272	127.2	64.59441	0.898905
1273	127.3	64.592914	0.895993
1274	127.4	64.591667	0.892528
1275	127.5	64.590546	0.890069
1276	127.6	64.589886	0.887954
1277	127.7	64.589051	0.885401
1278	127.8	64.588366	0.884546
1279	127.9	64.58773	0.881723
1280	128	64.587173	0.878857
1281	128.1	64.586689	0.878055
1282	128.2	64.586307	0.875121
1283	128.3	64.585926	0.876007
1284	128.4	64.585599	0.873131
1285	128.5	64.585369	0.873126
1286	128.6	64.585114	0.86976
1287	128.7	64.585011	0.86815
1288	128.8	64.585011	0.86851
1289	128.9	64.585011	0.867723
1290	129	64.584908	0.86677
1291	129.1	64.584811	0.864321
1292	129.2	64.584733	0.863956
1293	129.3	64.58463	0.862518
1294	129.4	64.584557	0.861716
1295	129.5	64.584478	0.859017
1296	129.6	64.5844	0.859955
1297	129.7	64.584351	0.859106
1298	129.8	64.584327	0.858137
1299	129.9	64.584272	0.856199
1300	130	64.584248	0.856365
1301	130.1	64.5842	0.855261
1302	130.2	64.5842	0.854578
1303	130.3	64.584145	0.853109
1304	130.4	64.584145	0.854229
1305	130.5	64.564997	0.850593
1306	130.6	64.394991	0.801681
1307	130.7	64.224992	0.754051
1308	130.8	64.050009	0.708445
1309	130.9	63.88001	0.669232
1310	131	63.71001	0.632111
1311	131.1	63.540005	0.598305
1312	131.2	63.370006	0.566787
1313	131.3	63.2	0.537213
1314	131.4	63.035003	0.510225
1315	131.5	62.864998	0.485532
1316	131.6	62.694998	0.461068
1317	131.7	62.530001	0.439335
1318	131.8	62.359996	0.418562
1319	131.9	62.194999	0.399095
1320	132	62.024999	0.381115
1321	132.1	61.859996	0.362841
1322	132.2	61.694999	0.345484
1323	132.3	61.524999	0.328802
1324	132.4	61.359996	0.314234
1325	132.5	61.194999	0.300493
1326	132.6	61.025	0.286426
1327	132.7	60.854994	0.270684
1328	132.8	60.689997	0.258542
1329	132.9	60.519998	0.247176
1330	133	60.354995	0.235706
1331	133.1	60.189997	0.223286
1332	133.2	60.019998	0.213186
1333	133.3	59.855001	0.203871
1334	133.4	59.689998	0.193544
1335	133.5	59.525	0.182859
1336	133.6	59.360003	0.175627
1337	133.7	59.195006	0.165861
1338	133.8	59.025001	0.156519
1339	133.9	58.860003	0.148678
1340	134	58.695006	0.139907
1341	134.1	58.525001	0.133939
1342	134.2	58.360004	0.126939
1343	134.3	58.195006	0.118405
1344	134.4	58.025007	0.113261
1345	134.5	57.860004	0.105868
1346	134.6	57.695007	0.099397
1347	134.7	57.525007	0.095039
1348	134.8	57.36001	0.089102
1349	134.9	57.195007	0.085314
1350	135	57.029986	0.080232
1351	135.1	56.86001	0.074501
1352	135.2	56.695007	0.06914
1353	135.3	56.529986	0.064854
1354	135.4	56.360011	0.061629
1355	135.5	56.195013	0.058034
1356	135.6	56.029986	0.055127
1357	135.7	55.864989	0.050165
1358	135.8	55.695014	0.048466
1359	135.9	55.529986	0.044832
1360	136	55.364989	0.042891
1361	136.1	55.195014	0.038934
1362	136.2	55.029986	0.038406
1363	136.3	54.864989	0.035493
1364	136.4	54.695014	0.03325
1365	136.5	54.529993	0.031554
1366	136.6	54.359987	0.030171
1367	136.7	54.195014	0.028796
1368	136.8	54.029993	0.027246
1369	136.9	53.86499	0.026165
1370	137	53.699993	0.025016
1371	137.1	53.529993	0.022314
1372	137.2	53.364996	0.021494
1373	137.3	53.199993	0.020892
1374	137.4	53.029993	0.021286
1375	137.5	52.864996	0.019277
1376	137.6	52.699999	0.018889
1377	137.7	52.529994	0.017878
1378	137.8	52.359994	0.018225
1379	137.9	52.194991	0.017451
1380	138	52.029994	0.015656
1381	138.1	51.864997	0.015317
1382	138.2	51.694991	0.015195
1383	138.3	51.580797	0.016172
1384	138.4	51.583564	0.017521
1385	138.5	51.592757	0.018008
1386	138.6	51.597765	0.019647
1387	138.7	51.601598	0.018636
1388	138.8	51.605129	0.01928
1389	138.9	51.608278	0.019032
1390	139	51.611251	0.020314
1391	139.1	51.613637	0.019298
1392	139.2	51.615926	0.019746
1393	139.3	51.617755	0.018464
1394	139.4	51.619275	0.019853
1395	139.5	51.620468	0.020574
1396	139.6	51.621692	0.021379
1397	139.7	51.622733	0.021358
1398	139.8	51.623648	0.021689
1399	139.9	51.624435	0.021773
1400	140	51.625119	0.022262
1401	140.1	51.625731	0.02246
1402	140.2	51.62624	0.022499
1403	140.3	51.626694	0.022588
1404	140.4	51.627075	0.022023
1405	140.5	51.627402	0.023586
1406	140.6	51.627711	0.022572
1407	140.7	51.627965	0.023669
1408	140.8	51.62819	0.022572
1409	140.9	51.628395	0.024818
1410	141	51.628547	0.022778
1411	141.1	51.628728	0.024323
1412	141.2	51.628825	0.024203
1413	141.3	51.628953	0.023
1414	141.4	51.629031	0.023708
1415	141.5	51.629134	0.024604
1416	141.6	51.629207	0.024899
1417	141.7	51.629286	0.023502
1418	141.8	51.62931	0.024576
1419	141.9	51.629358	0.024641
1420	142	51.629413	0.025157
1421	142.1	51.629437	0.025034
1422	142.2	51.629485	0.026154
1423	142.3	51.629516	0.025052
1424	142.4	51.629516	0.025201
1425	142.5	51.629564	0.023617
1426	142.6	51.629564	0.025883
1427	142.7	51.629564	0.025784
1428	142.8	51.629588	0.025719
1429	142.9	51.629588	0.026279
1430	143	51.629588	0.025967
1431	143.1	51.629643	0.025329
1432	143.2	51.629643	0.026042
1433	143.3	51.629643	0.024542
1434	143.4	51.629643	0.026378
1435	143.5	51.629643	0.026391
1436	143.6	51.629643	0.026407
1437	143.7	51.629643	0.025813
1438	143.8	51.629643	0.025782
1439	143.9	51.629691	0.026071
1440	144	51.629691	0.0271
1441	144.1	51.629691	0.02517
1442	144.2	51.629691	0.02674
1443	144.3	51.629691	0.025803
1444	144.4	51.629691	0.025795
1445	144.5	51.629691	0.025511
1446	144.6	51.629691	0.026373
1447	144.7	51.629691	0.026631
1448	144.8	51.629691	0.025917
1449	144.9	51.629691	0.027069
1450	145	51.629691	0.027246
1451	145.1	51.629691	0.027449
1452	145.2	51.629691	0.028103
1453	145.3	51.629691	0.027514
1454	145.4	51.629691	0.02704
1455	145.5	51.629691	0.027832
1456	145.6	51.629691	0.026412
1457	145.7	51.629691	0.027069
1458	145.8	51.629691	0.027228
1459	145.9	51.629691	0.027733
1460	146	51.629691	0.027131
1461	146.1	51.629691	0.028426
1462	146.2	51.629691	0.02792
1463	146.3	51.629691	0.027264
1464	146.4	51.629691	0.028009
1465	146.5	51.629691	0.027259
1466	146.6	51.629691	0.026996
1467	146.7	51.629691	0.026407
1468	146.8	51.629643	0.027105
1469	146.9	51.629643	0.027861
1470	147	51.629643	0.027613
1471	147.1	51.629643	0.027835
1472	147.2	51.629691	0.027524
1473	147.3	51.629691	0.026641
1474	147.4	51.629691	0.028856
1475	147.5	51.629691	0.028652
1476	147.6	51.629691	0.0284
1477	147.7	51.629691	0.029002
1478	147.8	51.629691	0.02821
1479	147.9	51.629691	0.028077
1480	148	51.629691	0.028009
1481	148.1	51.629691	0.026832
1482	148.2	51.629691	0.028676
1483	148.3	51.629691	0.028559
1484	148.4	51.629691	0.029369
1485	148.5	51.629691	0.028157
1486	148.6	51.629691	0.028379
1487	148.7	51.629691	0.027371
1488	148.8	51.629691	0.027858
1489	148.9	51.629691	0.027816
