0	0	0.0	0.005661
1	.1	0.0	0.004814
2	.2	0.0	0.004296
3	.3	0.0	0.005356
4	.4	0.0	0.005543
5	.5	0.0	0.003897
6	.6	0.0	0.004926
7	.7	0.0	0.004798
8	.8	0.0	0.00379
9	.9	0.0	0.003637
10	1	0.0	0.003103
11	1.1	0.0	0.005721
12	1.2	0.0	0.004827
13	1.3	0.0	0.006049
14	1.4	0.0	0.005418
15	1.5	0.084988	0.004642
16	1.6	0.259994	0.006252
17	1.7	0.429997	0.006705
18	1.8	0.605003	0.008292
19	1.9	0.775005	0.009258
20	2	0.945007	0.010365
21	2.1	1.115009	0.009427
22	2.2	1.280008	0.010644
23	2.3	1.45001	0.012725
24	2.4	1.620012	0.013314
25	2.5	1.789989	0.015291
26	2.6	1.955013	0.017266
27	2.7	2.124989	0.019504
28	2.8	2.289988	0.02078
29	2.9	2.45999	0.023153
30	3	2.624988	0.025024
31	3.1	2.794991	0.02816
32	3.2	2.959989	0.029916
33	3.3	3.124987	0.03343
34	3.4	3.290011	0.034219
35	3.5	3.45501	0.038369
36	3.6	3.625012	0.041159
37	3.7	3.79001	0.04336
38	3.8	3.955009	0.046908
39	3.9	4.125011	0.050149
40	4	4.290009	0.052379
41	4.1	4.455008	0.056211
42	4.2	4.62501	0.060835
43	4.3	4.790008	0.062512
44	4.4	4.960011	0.06679
45	4.5	5.125009	0.070075
46	4.6	5.290007	0.074011
47	4.7	5.46001	0.076837
48	4.8	5.625008	0.080784
49	4.9	5.79501	0.084295
50	5	5.960009	0.08671
51	5.1	6.125007	0.090266
52	5.2	6.290005	0.094458
53	5.3	6.460007	0.097761
54	5.4	6.625006	0.102314
55	5.5	6.795008	0.106331
56	5.6	6.960006	0.109129
57	5.7	7.130009	0.11454
58	5.8	7.295007	0.118353
59	5.9	7.460005	0.12026
60	6	7.625004	0.125155
61	6.1	7.795006	0.127914
62	6.2	7.960004	0.131558
63	6.3	8.130007	0.134872
64	6.4	8.295005	0.13806
65	6.5	8.460003	0.143406
66	6.6	8.630006	0.146042
67	6.7	8.795004	0.150067
68	6.8	8.965006	0.153279
69	6.9	9.130005	0.158796
70	7	9.295003	0.163081
71	7.1	9.460001	0.166674
72	7.2	9.630004	0.169128
73	7.3	9.795002	0.174106
74	7.4	9.965004	0.178521
75	7.5	10.130003	0.180022
76	7.6	10.295001	0.183606
77	7.7	10.465003	0.187347
78	7.8	10.630002	0.192573
79	7.9	10.795	0.196214
80	8	10.965002	0.199317
81	8.1	11.130001	0.203243
82	8.2	11.294999	0.207538
83	8.3	11.465001	0.210615
84	8.4	11.63	0.212743
85	8.5	11.794998	0.217661
86	8.6	11.965	0.220347
87	8.7	12.129999	0.224778
88	8.8	12.294997	0.228418
89	8.9	12.459995	0.232937
90	9	12.629998	0.234633
91	9.1	12.8	0.23872
92	9.2	12.964999	0.243149
93	9.3	13.129996	0.246179
94	9.4	13.294995	0.249273
95	9.5	13.464997	0.251576
96	9.6	13.629996	0.255012
97	9.7	13.799998	0.258307
98	9.8	13.964997	0.261126
99	9.9	14.129994	0.262564
100	10	14.294993	0.264395
101	10.1	14.464995	0.268081
102	10.2	14.629994	0.2704
103	10.3	14.794992	0.271895
104	10.4	14.964995	0.275985
105	10.5	15.129992	0.280077
106	10.6	15.294991	0.28268
107	10.7	15.459989	0.28635
108	10.8	15.629992	0.289044
109	10.9	15.79499	0.291899
110	11	15.959989	0.294048
111	11.1	16.12999	0.297982
112	11.2	16.294989	0.299909
113	11.3	16.459987	0.302978
114	11.4	16.62999	0.304499
115	11.5	16.794988	0.305278
116	11.6	16.964991	0.30959
117	11.7	17.129988	0.311244
118	11.8	17.295012	0.314346
119	11.9	17.460011	0.31723
120	12	17.629988	0.318168
121	12.1	17.79999	0.322195
122	12.2	17.964989	0.323862
123	12.3	18.130012	0.326874
124	12.4	18.29501	0.328372
125	12.5	18.460009	0.33125
126	12.6	18.630011	0.33477
127	12.7	18.79501	0.337513
128	12.8	18.965011	0.339211
129	12.9	19.13001	0.343392
130	13	19.295008	0.346268
131	13.1	19.460007	0.349003
132	13.2	19.630009	0.352729
133	13.3	19.795008	0.354755
134	13.4	19.960005	0.359689
135	13.5	20.130008	0.362552
136	13.6	20.295006	0.365972
137	13.7	20.460005	0.369583
138	13.8	20.630007	0.374014
139	13.9	20.795006	0.376749
140	14	20.960003	0.379883
141	14.1	21.130006	0.38377
142	14.2	21.295004	0.38718
143	14.3	21.465007	0.390668
144	14.4	21.630005	0.394638
145	14.5	21.800008	0.396852
146	14.6	21.965005	0.400379
147	14.7	22.130004	0.404626
148	14.8	22.295002	0.409226
149	14.9	22.460001	0.411268
150	15	22.630003	0.415405
151	15.1	22.795002	0.419641
152	15.2	22.959999	0.422884
153	15.3	23.124998	0.427782
154	15.4	23.295	0.43041
155	15.5	23.459999	0.434341
156	15.6	23.624998	0.436771
157	15.7	23.794999	0.441557
158	15.8	23.959997	0.445316
159	15.9	24.13	0.44785
160	16	24.294998	0.451031
161	16.1	24.459997	0.455165
162	16.2	24.624996	0.45788
163	16.3	24.794997	0.460222
164	16.4	24.959995	0.464283
165	16.5	25.124994	0.467539
166	16.6	25.294996	0.470707
167	16.7	25.459995	0.474682
168	16.8	25.624992	0.47687
169	16.9	25.794995	0.480293
170	17	25.959995	0.484899
171	17.1	26.129997	0.48853
172	17.2	26.294994	0.491242
173	17.3	26.459992	0.494952
174	17.4	26.629994	0.498489
175	17.5	26.794994	0.501404
176	17.6	26.964997	0.504067
177	17.7	27.129994	0.509193
178	17.8	27.294991	0.51264
179	17.9	27.459991	0.515114
180	18	27.624988	0.519785
181	18.1	27.794991	0.524875
182	18.2	27.959991	0.528371
183	18.3	28.124988	0.534063
184	18.4	28.290013	0.538182
185	18.5	28.45501	0.543334
186	18.6	28.625012	0.547925
187	18.7	28.790012	0.553572
188	18.8	28.959987	0.558261
189	18.9	29.125012	0.563005
190	19	29.290009	0.567342
191	19.1	29.455009	0.572873
192	19.2	29.625012	0.576582
193	19.3	29.794987	0.581404
194	19.4	29.960011	0.586463
195	19.5	30.125008	0.591624
196	19.6	30.290009	0.59531
197	19.7	30.460011	0.599902
198	19.8	30.625008	0.603552
199	19.9	30.790008	0.608402
200	20	30.960011	0.612497
201	20.1	31.125008	0.614743
202	20.2	31.290005	0.620091
203	20.3	31.455005	0.622878
204	20.4	31.625008	0.627612
205	20.5	31.790005	0.630985
206	20.6	31.960007	0.634682
207	20.7	32.125004	0.63818
208	20.8	32.290005	0.64302
209	20.9	32.460007	0.644734
210	21	32.625004	0.648314
211	21.1	32.795006	0.652409
212	21.2	32.960007	0.653909
213	21.3	33.125004	0.657684
214	21.4	33.290001	0.661115
215	21.5	33.460003	0.663342
216	21.6	33.625004	0.665801
217	21.7	33.795006	0.669706
218	21.8	33.960003	0.673275
219	21.9	34.130006	0.676539
220	22	34.295003	0.681765
221	22.1	34.460003	0.686274
222	22.2	34.625	0.69032
223	22.3	34.795002	0.69344
224	22.4	34.960003	0.69729
225	22.5	35.125	0.701175
226	22.6	35.289997	0.706244
227	22.7	35.459999	0.709016
228	22.8	35.625	0.716106
229	22.9	35.789997	0.718654
230	23	35.959999	0.722973
231	23.1	36.124996	0.728514
232	23.2	36.294999	0.731338
233	23.3	36.459999	0.737379
234	23.4	36.630001	0.740531
235	23.5	36.794999	0.745006
236	23.6	36.959996	0.749013
237	23.7	37.124996	0.751667
238	23.8	37.294998	0.755325
239	23.9	37.459995	0.758964
240	24	37.629998	0.760444
241	24.1	37.794998	0.764427
242	24.2	37.959995	0.764989
243	24.3	38.124992	0.76929
244	24.4	38.294995	0.771908
245	24.5	38.459995	0.772864
246	24.6	38.624992	0.774414
247	24.7	38.794995	0.776834
248	24.8	38.959992	0.778246
249	24.9	39.129994	0.780557
250	25	39.294994	0.785478
251	25.1	39.459991	0.790078
252	25.2	39.624992	0.794387
253	25.3	39.794994	0.799884
254	25.4	39.959991	0.80363
255	25.5	40.124988	0.806516
256	25.6	40.290013	0.812393
257	25.7	40.459991	0.817181
258	25.8	40.624988	0.821427
259	25.9	40.794991	0.825835
260	26	40.959988	0.829591
261	26.1	41.124988	0.835713
262	26.2	41.29499	0.839188
263	26.3	41.459987	0.842986
264	26.4	41.625012	0.846029
265	26.5	41.79499	0.850139
266	26.6	41.959987	0.853536
267	26.7	42.125012	0.856746
268	26.8	42.290009	0.859278
269	26.9	42.460011	0.861419
270	27	42.625011	0.866296
271	27.1	42.790009	0.868296
272	27.2	42.960011	0.870484
273	27.3	43.125008	0.87335
274	27.4	43.290008	0.877101
275	27.5	43.455006	0.881868
276	27.6	43.625008	0.886959
277	27.7	43.790005	0.891007
278	27.8	43.960008	0.896983
279	27.9	44.125008	0.901604
280	28	44.290005	0.907398
281	28.1	44.455005	0.911169
282	28.2	44.625007	0.917328
283	28.3	44.790005	0.92197
284	28.4	44.955002	0.927784
285	28.5	45.125004	0.932828
286	28.6	45.290004	0.938491
287	28.7	45.455002	0.942805
288	28.8	45.625004	0.948348
289	28.9	45.790001	0.95348
290	29	45.960004	0.957731
291	29.1	46.125004	0.963728
292	29.2	46.290001	0.966448
293	29.3	46.460003	0.973054
294	29.4	46.625004	0.977227
295	29.5	46.795003	0.981802
296	29.6	46.960003	0.983823
297	29.7	47.125	0.988299
298	29.8	47.29	0.992253
299	29.9	47.454998	0.995973
300	30	47.625	1.001084
301	30.1	47.789997	1.004893
302	30.2	47.96	1.007211
303	30.3	48.125	1.010321
304	30.4	48.289997	1.013369
305	30.5	48.454997	1.015292
306	30.6	48.624996	1.017938
307	30.7	48.789997	1.0196
308	30.8	48.959999	1.021372
309	30.9	49.124996	1.0253
310	31	49.289996	1.028207
311	31.1	49.454994	1.032693
312	31.2	49.624996	1.03682
313	31.3	49.789993	1.038956
314	31.4	49.959996	1.042363
315	31.5	50.124996	1.046989
316	31.6	50.289993	1.04774
317	31.7	50.459995	1.052111
318	31.8	50.624993	1.056029
319	31.9	50.789993	1.059837
320	32	50.959995	1.062984
321	32.1	51.124992	1.06548
322	32.2	51.289989	1.068293
323	32.3	51.459995	1.071523
324	32.4	51.624992	1.078171
325	32.5	51.789989	1.080011
326	32.6	51.959995	1.083183
327	32.7	52.124992	1.087362
328	32.8	52.289989	1.090801
329	32.9	52.454986	1.093869
330	33	52.624992	1.097954
331	33.1	52.789989	1.102591
332	33.2	52.954986	1.10566
333	33.3	53.120013	1.111781
334	33.4	53.285011	1.114996
335	33.5	53.450008	1.120154
336	33.6	53.620007	1.123233
337	33.7	53.790013	1.12737
338	33.8	53.95501	1.131501
339	33.9	54.120007	1.136795
340	34	54.290012	1.139321
341	34.1	54.455009	1.142729
342	34.2	54.620007	1.147069
343	34.3	54.790012	1.149444
344	34.4	54.955009	1.154467
345	34.5	55.120006	1.157754
346	34.6	55.285004	1.161662
347	34.7	55.450001	1.165924
348	34.8	55.620006	1.172332
349	34.9	55.785003	1.175531
350	35	55.955009	1.181893
351	35.1	56.120006	1.186618
352	35.2	56.285003	1.184659
353	35.3	56.455002	1.190255
354	35.4	56.620006	1.194652
355	35.5	56.790005	1.196236
356	35.6	56.955002	1.175489
357	35.7	57.120005	1.133794
358	35.8	57.285003	1.151346
359	35.9	57.455002	1.168753
360	36	57.619999	1.181064
361	36.1	57.790005	1.190124
362	36.2	57.955002	1.198153
363	36.3	58.125007	1.204665
364	36.4	58.290004	1.210584
365	36.5	58.455001	1.207119
366	36.6	58.625001	1.209031
367	36.7	58.790004	1.207911
368	36.8	58.955001	1.215377
369	36.9	59.125001	1.216878
370	37	59.290004	1.119409
371	37.1	59.455001	1.141051
372	37.2	59.619998	1.158932
373	37.3	59.789998	1.159041
374	37.4	59.955001	1.174088
375	37.5	60.125	0.792178
376	37.6	60.289997	0.842361
377	37.7	60.454994	0.880555
378	37.8	60.625	0.913446
379	37.9	60.789997	0.929295
380	38	60.960002	0.911024
381	38.1	61.125	0.519717
382	38.2	61.289997	0.569775
383	38.3	61.459996	0.601694
384	38.4	61.624999	0.627536
385	38.5	61.794999	0.649851
386	38.6	61.959996	0.66944
387	38.7	62.124999	0.676164
388	38.8	62.289996	0.653818
389	38.9	62.459996	0.638902
390	39	62.624993	0.640626
391	39.1	62.789996	0.64078
392	39.2	62.954993	0.637495
393	39.3	63.124993	0.639048
394	39.4	63.28999	0.643096
395	39.5	63.454993	0.645649
396	39.6	63.624992	0.645938
397	39.7	63.78999	0.64631
398	39.8	63.959995	0.648449
399	39.9	64.124992	0.648111
400	40	64.289989	0.633746
401	40.1	64.459995	0.617439
402	40.2	64.624992	0.578591
403	40.3	64.789989	0.57963
404	40.4	64.954986	0.599407
405	40.5	65.124992	0.44865
406	40.6	65.289989	0.419258
407	40.7	65.454986	0.449466
408	40.8	65.624991	0.474424
409	40.9	65.790013	0.497379
410	41	65.954986	0.517498
411	41.1	66.124991	0.536546
412	41.2	66.290013	0.552983
413	41.3	66.454986	0.294259
414	41.4	66.624985	0.136265
415	41.5	66.790012	0.004033
416	41.6	66.95501	0.003168
417	41.7	67.125009	0.003881
418	41.8	67.290012	0.004973
419	41.9	67.455009	0.004046
420	42	67.620007	0.003975
421	42.1	67.790012	0.00534
422	42.2	67.955009	0.004142
423	42.3	68.125008	0.004043
424	42.4	68.290006	0.004525
425	42.5	68.455009	0.004374
426	42.6	68.625008	0.00392
427	42.7	68.790005	0.004371
428	42.8	68.960011	0.004556
429	42.9	69.125008	0.00416
430	43	69.290005	0.004736
431	43.1	69.455002	0.005291
432	43.2	69.625008	0.005098
433	43.3	69.790005	0.004791
434	43.4	69.96001	0.003947
435	43.5	70.125007	0.004217
436	43.6	70.290005	0.005202
437	43.7	70.374841	0.004197
438	43.8	70.370596	0.003538
439	43.9	70.360083	0.004514
440	44	70.355511	0.004835
441	44.1	70.352028	0.004111
442	44.2	70.347765	0.005809
443	44.3	70.344998	0.004673
444	44.4	70.342478	0.00483
445	44.5	70.340117	0.002532
446	44.6	70.338494	0.003853
447	44.7	70.336768	0.003832
448	44.8	70.335242	0.004408
449	44.9	70.334351	0.004796
450	45	70.333286	0.003738
451	45.1	70.33245	0.003733
